x <- 1.000000
